{
  "advancedEditorSelectedIdentifier" : "ProjectBrowser",
  "openSceneRelativePaths" : [
    "Immersive.usda"
  ],
  "recentIdentifiers" : {
    "AF09ED6F-1707-48FD-8720-65B998362C09" : [

    ]
  },
  "sceneCameraHistory" : {
    "AF09ED6F-1707-48FD-8720-65B998362C09" : [
      {
        "date" : 719167619.594404,
        "title" : "Untitled",
        "transform" : [
          0.8256808,
          2.608076e-07,
          -0.5641376,
          0,
          -0.10053446,
          0.98399276,
          -0.14714342,
          0,
          0.5551071,
          0.17820892,
          0.8124639,
          0,
          0.75450796,
          0.7670149,
          0.8115938,
          1
        ]
      },
      {
        "date" : 719167446.156488,
        "title" : "Untitled",
        "transform" : [
          0.80828667,
          2.6074122e-07,
          -0.5887889,
          0,
          -0.09191773,
          0.98773926,
          -0.12618381,
          0,
          0.5815699,
          0.15611301,
          0.79837656,
          0,
          0.7987163,
          0.731315,
          0.79089254,
          1
        ]
      },
      {
        "date" : 719167359.651895,
        "title" : "Untitled",
        "transform" : [
          0.9999134,
          2.6055264e-07,
          -0.013158922,
          0,
          -0.0030806616,
          0.9722145,
          -0.23407136,
          0,
          0.01279324,
          0.23409176,
          0.97213024,
          0,
          0.020570138,
          0.83736545,
          1.0133325,
          1
        ]
      },
      {
        "date" : 719167348.465763,
        "title" : "Untitled",
        "transform" : [
          0.98938334,
          2.606493e-07,
          -0.14532898,
          0,
          -0.021981763,
          0.98849505,
          -0.14964749,
          0,
          0.14365694,
          0.15125346,
          0.9780005,
          0,
          0.17016612,
          0.74485487,
          1.0632222,
          1
        ]
      },
      {
        "date" : 719167337.764269,
        "title" : "Untitled",
        "transform" : [
          0.4556642,
          2.6118582e-07,
          -0.89015174,
          0,
          -0.47285542,
          0.84724176,
          -0.24205203,
          0,
          0.75417364,
          0.53120756,
          0.38605785,
          0,
          0.6446811,
          1.120536,
          0.29772365,
          1
        ]
      },
      {
        "date" : 719167329.845044,
        "title" : "Untitled",
        "transform" : [
          0.4556642,
          2.6118582e-07,
          -0.89015174,
          0,
          -0.47285542,
          0.84724176,
          -0.24205203,
          0,
          0.75417364,
          0.53120756,
          0.38605785,
          0,
          1.1147466,
          1.3280294,
          -0.90606713,
          1
        ]
      },
      {
        "date" : 719167060.218023,
        "title" : "Untitled",
        "transform" : [
          0.9765741,
          2.7321568e-07,
          -0.21518081,
          0,
          0.0048343935,
          0.9997476,
          0.021941649,
          0,
          0.21512654,
          -0.022467965,
          0.9763277,
          0,
          1.0921233,
          0.7473984,
          0.4161027,
          1
        ]
      },
      {
        "date" : 719167055.505322,
        "title" : "Untitled",
        "transform" : [
          0.41441724,
          2.7403274e-07,
          -0.9100869,
          0,
          -0.4321819,
          0.8800508,
          -0.19679812,
          0,
          0.80092275,
          0.47487962,
          0.36470833,
          0,
          1.3675491,
          1.3390961,
          -0.8325789,
          1
        ]
      },
      {
        "date" : 719167051.86585,
        "title" : "Untitled",
        "transform" : [
          0.76941836,
          2.7514534e-07,
          -0.63874507,
          0,
          -0.19770573,
          0.95089227,
          -0.23815161,
          0,
          0.6073778,
          0.30952185,
          0.7316342,
          0,
          1.4032476,
          1.1353167,
          -0.17080319,
          1
        ]
      },
      {
        "date" : 719167049.67383,
        "title" : "Untitled",
        "transform" : [
          0.75812924,
          2.6249907e-07,
          -0.65210426,
          0,
          -0.20184073,
          0.95089227,
          -0.23465738,
          0,
          0.620081,
          0.30952182,
          0.7208994,
          0,
          1.4087906,
          1.1353167,
          -0.19539595,
          1
        ]
      }
    ],
    "EFA852DE-033E-4C06-8A1A-80CA55410A3D" : [
      {
        "date" : 719162007.498198,
        "title" : "Untitled",
        "transform" : [
          0.99999994,
          0,
          -0,
          0,
          -0,
          0.8660254,
          -0.49999988,
          0,
          0,
          0.49999988,
          0.8660254,
          0,
          0,
          0.2017077,
          0.34936804,
          1
        ]
      }
    ]
  },
  "selectedSceneRelativePath" : "Immersive.usda"
}